
# test-randint
test0:
#	naive	    rnd	        advanced	t2/t1	t3/t1	
0	41168707	4388063	    15743066	14.516	71.448
1	40996572	4323253	    15862468	14.520	72.641
2	40851778	4281426	    15806164	12.748	61.842
3	43569465	4239291	    15663471	14.513	70.484
4	41110332	4215199	    15734959	14.564	71.165
5	43435962	4332836	    15696033	15.227	72.560
6	41717940	4242066	    15737342	14.307	63.305
7	40990611	4190329	    15768965	14.893	71.459
8	40947636	4238811	    15718259	15.872	72.636
9	40458115	4289102	    15834789	15.291	72.285


test1:
# test-sorted
#	naive	    rnd	        advanced	t2/t1	t3/t1	
0	40818367	4257004	    15741978	21.162	75.373
1	40670303	4369282	    15808558	23.797	92.259
2	42357955	4374873	    15799521	25.819	85.849
3	41412688	4495664	    15727709	24.828	101.884
4	40754342	4330949	    15799787	25.585	84.951
5	43325327	4327977	    15739407	22.804	82.119
6	42459177	4353639	    15689703	21.791	84.777
7	42381919	4374133	    15823050	21.326	88.254
8	43750600	4280960	    15702347	20.951	79.843
9	42907381	4134605	    15709413	21.984	82.776


test2:
# test-reversed
#	naive	    rnd	        advanced	t2/t1	t3/t1	
0	41005730	4474178	    15678046	20.101	75.729
1	40612540	4379652	    15812180	21.797	84.252
2	40733528	4215981	    15767917	21.429	86.192
3	42171873	4284138	    15836918	22.270	79.764
4	40499708	4293476	    15809126	24.910	82.905
5	40853056	4267992	    15760486	22.186	86.230
6	42207089	4237539	    15758449	19.867	81.534
7	41339978	4421620	    15732574	25.876	92.104
8	41104287	4270327	    15756184	19.378	84.642
9	40580855	4270758	    15729830	21.424	83.924


test3:
# test-sameItem
#	naive	    rnd	        advanced	t2/t1	t3/t1
0   30567840    2181543     14882157    14.556  81.950
1   30567840    2181543     14882157    14.809  80.501
2   30567840    2181543     14882157    14.540  79.142
3   30567840    2181543     14882157    14.416  82.785
4   30567840    2181543     14882157    15.055  85.801
5   30567840    2181543     14882157    14.226  79.265
6   30567840    2181543     14882157    14.828  81.697
7   30567840    2181543     14882157    14.454  81.235
8   30567840    2181543     14882157    14.889  82.697
9   30567840    2181543     14882157    14.278  81.802